Problem:    tsp
Rows:       289
Columns:    480 (240 integer, 240 binary)
Non-zeros:  1680
Status:     INTEGER OPTIMAL
Objective:  total = 6859 (MINimum)

   No.   Row name        Activity     Lower bound   Upper bound
------ ------------    ------------- ------------- -------------
     1 total                    6859                             
     2 leave[1]                    1             1             = 
     3 leave[2]                    1             1             = 
     4 leave[3]                    1             1             = 
     5 leave[4]                    1             1             = 
     6 leave[5]                    1             1             = 
     7 leave[6]                    1             1             = 
     8 leave[7]                    1             1             = 
     9 leave[8]                    1             1             = 
    10 leave[9]                    1             1             = 
    11 leave[10]                   1             1             = 
    12 leave[11]                   1             1             = 
    13 leave[12]                   1             1             = 
    14 leave[13]                   1             1             = 
    15 leave[14]                   1             1             = 
    16 leave[15]                   1             1             = 
    17 leave[16]                   1             1             = 
    18 enter[1]                    1             1             = 
    19 enter[2]                    1             1             = 
    20 enter[3]                    1             1             = 
    21 enter[4]                    1             1             = 
    22 enter[5]                    1             1             = 
    23 enter[6]                    1             1             = 
    24 enter[7]                    1             1             = 
    25 enter[8]                    1             1             = 
    26 enter[9]                    1             1             = 
    27 enter[10]                   1             1             = 
    28 enter[11]                   1             1             = 
    29 enter[12]                   1             1             = 
    30 enter[13]                   1             1             = 
    31 enter[14]                   1             1             = 
    32 enter[15]                   1             1             = 
    33 enter[16]                   1             1             = 
    34 cap[1,2]                    0                          -0 
    35 cap[1,3]                    0                          -0 
    36 cap[1,4]                    0                          -0 
    37 cap[1,5]                    0                          -0 
    38 cap[1,6]                    0                          -0 
    39 cap[1,7]                    0                          -0 
    40 cap[1,8]                    0                          -0 
    41 cap[1,9]                    0                          -0 
    42 cap[1,10]                   0                          -0 
    43 cap[1,11]                   0                          -0 
    44 cap[1,12]                   0                          -0 
    45 cap[1,13]                   0                          -0 
    46 cap[1,14]                   0                          -0 
    47 cap[1,15]                   0                          -0 
    48 cap[1,16]                   0                          -0 
    49 cap[2,1]                    0                          -0 
    50 cap[2,3]                   -3                          -0 
    51 cap[2,4]                    0                          -0 
    52 cap[2,5]                    0                          -0 
    53 cap[2,6]                    0                          -0 
    54 cap[2,7]                    0                          -0 
    55 cap[2,8]                    0                          -0 
    56 cap[2,9]                    0                          -0 
    57 cap[2,10]                   0                          -0 
    58 cap[2,11]                   0                          -0 
    59 cap[2,12]                   0                          -0 
    60 cap[2,13]                   0                          -0 
    61 cap[2,14]                   0                          -0 
    62 cap[2,15]                   0                          -0 
    63 cap[2,16]                   0                          -0 
    64 cap[3,1]                    0                          -0 
    65 cap[3,2]                    0                          -0 
    66 cap[3,4]                    0                          -0 
    67 cap[3,5]                    0                          -0 
    68 cap[3,6]                    0                          -0 
    69 cap[3,7]                    0                          -0 
    70 cap[3,8]                    0                          -0 
    71 cap[3,9]                    0                          -0 
    72 cap[3,10]                   0                          -0 
    73 cap[3,11]                   0                          -0 
    74 cap[3,12]                   0                          -0 
    75 cap[3,13]                   0                          -0 
    76 cap[3,14]                   0                          -0 
    77 cap[3,15]                   0                          -0 
    78 cap[3,16]                  -4                          -0 
    79 cap[4,1]                    0                          -0 
    80 cap[4,2]                   -2                          -0 
    81 cap[4,3]                    0                          -0 
    82 cap[4,5]                    0                          -0 
    83 cap[4,6]                    0                          -0 
    84 cap[4,7]                    0                          -0 
    85 cap[4,8]                    0                          -0 
    86 cap[4,9]                    0                          -0 
    87 cap[4,10]                   0                          -0 
    88 cap[4,11]                   0                          -0 
    89 cap[4,12]                   0                          -0 
    90 cap[4,13]                   0                          -0 
    91 cap[4,14]                   0                          -0 
    92 cap[4,15]                   0                          -0 
    93 cap[4,16]                   0                          -0 
    94 cap[5,1]                    0                          -0 
    95 cap[5,2]                    0                          -0 
    96 cap[5,3]                    0                          -0 
    97 cap[5,4]                    0                          -0 
    98 cap[5,6]                    0                          -0 
    99 cap[5,7]                    0                          -0 
   100 cap[5,8]                    0                          -0 
   101 cap[5,9]                    0                          -0 
   102 cap[5,10]                   0                          -0 
   103 cap[5,11]                   0                          -0 
   104 cap[5,12]                   0                          -0 
   105 cap[5,13]                   0                          -0 
   106 cap[5,14]                   0                          -0 
   107 cap[5,15]                  -9                          -0 
   108 cap[5,16]                   0                          -0 
   109 cap[6,1]                    0                          -0 
   110 cap[6,2]                    0                          -0 
   111 cap[6,3]                    0                          -0 
   112 cap[6,4]                    0                          -0 
   113 cap[6,5]                    0                          -0 
   114 cap[6,7]                  -11                          -0 
   115 cap[6,8]                    0                          -0 
   116 cap[6,9]                    0                          -0 
   117 cap[6,10]                   0                          -0 
   118 cap[6,11]                   0                          -0 
   119 cap[6,12]                   0                          -0 
   120 cap[6,13]                   0                          -0 
   121 cap[6,14]                   0                          -0 
   122 cap[6,15]                   0                          -0 
   123 cap[6,16]                   0                          -0 
   124 cap[7,1]                    0                          -0 
   125 cap[7,2]                    0                          -0 
   126 cap[7,3]                    0                          -0 
   127 cap[7,4]                    0                          -0 
   128 cap[7,5]                    0                          -0 
   129 cap[7,6]                    0                          -0 
   130 cap[7,8]                    0                          -0 
   131 cap[7,9]                    0                          -0 
   132 cap[7,10]                   0                          -0 
   133 cap[7,11]                   0                          -0 
   134 cap[7,12]                 -12                          -0 
   135 cap[7,13]                   0                          -0 
   136 cap[7,14]                   0                          -0 
   137 cap[7,15]                   0                          -0 
   138 cap[7,16]                   0                          -0 
   139 cap[8,1]                    0                          -0 
   140 cap[8,2]                    0                          -0 
   141 cap[8,3]                    0                          -0 
   142 cap[8,4]                   -1                          -0 
   143 cap[8,5]                    0                          -0 
   144 cap[8,6]                    0                          -0 
   145 cap[8,7]                    0                          -0 
   146 cap[8,9]                    0                          -0 
   147 cap[8,10]                   0                          -0 
   148 cap[8,11]                   0                          -0 
   149 cap[8,12]                   0                          -0 
   150 cap[8,13]                   0                          -0 
   151 cap[8,14]                   0                          -0 
   152 cap[8,15]                   0                          -0 
   153 cap[8,16]                   0                          -0 
   154 cap[9,1]                    0                          -0 
   155 cap[9,2]                    0                          -0 
   156 cap[9,3]                    0                          -0 
   157 cap[9,4]                    0                          -0 
   158 cap[9,5]                    0                          -0 
   159 cap[9,6]                    0                          -0 
   160 cap[9,7]                    0                          -0 
   161 cap[9,8]                    0                          -0 
   162 cap[9,10]                   0                          -0 
   163 cap[9,11]                  -7                          -0 
   164 cap[9,12]                   0                          -0 
   165 cap[9,13]                   0                          -0 
   166 cap[9,14]                   0                          -0 
   167 cap[9,15]                   0                          -0 
   168 cap[9,16]                   0                          -0 
   169 cap[10,1]                   0                          -0 
   170 cap[10,2]                   0                          -0 
   171 cap[10,3]                   0                          -0 
   172 cap[10,4]                   0                          -0 
   173 cap[10,5]                   0                          -0 
   174 cap[10,6]                   0                          -0 
   175 cap[10,7]                   0                          -0 
   176 cap[10,8]                   0                          -0 
   177 cap[10,9]                  -6                          -0 
   178 cap[10,11]                  0                          -0 
   179 cap[10,12]                  0                          -0 
   180 cap[10,13]                  0                          -0 
   181 cap[10,14]                  0                          -0 
   182 cap[10,15]                  0                          -0 
   183 cap[10,16]                  0                          -0 
   184 cap[11,1]                   0                          -0 
   185 cap[11,2]                   0                          -0 
   186 cap[11,3]                   0                          -0 
   187 cap[11,4]                   0                          -0 
   188 cap[11,5]                  -8                          -0 
   189 cap[11,6]                   0                          -0 
   190 cap[11,7]                   0                          -0 
   191 cap[11,8]                   0                          -0 
   192 cap[11,9]                   0                          -0 
   193 cap[11,10]                  0                          -0 
   194 cap[11,12]                  0                          -0 
   195 cap[11,13]                  0                          -0 
   196 cap[11,14]                  0                          -0 
   197 cap[11,15]                  0                          -0 
   198 cap[11,16]                  0                          -0 
   199 cap[12,1]                   0                          -0 
   200 cap[12,2]                   0                          -0 
   201 cap[12,3]                   0                          -0 
   202 cap[12,4]                   0                          -0 
   203 cap[12,5]                   0                          -0 
   204 cap[12,6]                   0                          -0 
   205 cap[12,7]                   0                          -0 
   206 cap[12,8]                   0                          -0 
   207 cap[12,9]                   0                          -0 
   208 cap[12,10]                  0                          -0 
   209 cap[12,11]                  0                          -0 
   210 cap[12,13]                -13                          -0 
   211 cap[12,14]                  0                          -0 
   212 cap[12,15]                  0                          -0 
   213 cap[12,16]                  0                          -0 
   214 cap[13,1]                   0                          -0 
   215 cap[13,2]                   0                          -0 
   216 cap[13,3]                   0                          -0 
   217 cap[13,4]                   0                          -0 
   218 cap[13,5]                   0                          -0 
   219 cap[13,6]                   0                          -0 
   220 cap[13,7]                   0                          -0 
   221 cap[13,8]                   0                          -0 
   222 cap[13,9]                   0                          -0 
   223 cap[13,10]                  0                          -0 
   224 cap[13,11]                  0                          -0 
   225 cap[13,12]                  0                          -0 
   226 cap[13,14]                -14                          -0 
   227 cap[13,15]                  0                          -0 
   228 cap[13,16]                  0                          -0 
   229 cap[14,1]                 -15                          -0 
   230 cap[14,2]                   0                          -0 
   231 cap[14,3]                   0                          -0 
   232 cap[14,4]                   0                          -0 
   233 cap[14,5]                   0                          -0 
   234 cap[14,6]                   0                          -0 
   235 cap[14,7]                   0                          -0 
   236 cap[14,8]                   0                          -0 
   237 cap[14,9]                   0                          -0 
   238 cap[14,10]                  0                          -0 
   239 cap[14,11]                  0                          -0 
   240 cap[14,12]                  0                          -0 
   241 cap[14,13]                  0                          -0 
   242 cap[14,15]                  0                          -0 
   243 cap[14,16]                  0                          -0 
   244 cap[15,1]                   0                          -0 
   245 cap[15,2]                   0                          -0 
   246 cap[15,3]                   0                          -0 
   247 cap[15,4]                   0                          -0 
   248 cap[15,5]                   0                          -0 
   249 cap[15,6]                 -10                          -0 
   250 cap[15,7]                   0                          -0 
   251 cap[15,8]                   0                          -0 
   252 cap[15,9]                   0                          -0 
   253 cap[15,10]                  0                          -0 
   254 cap[15,11]                  0                          -0 
   255 cap[15,12]                  0                          -0 
   256 cap[15,13]                  0                          -0 
   257 cap[15,14]                  0                          -0 
   258 cap[15,16]                  0                          -0 
   259 cap[16,1]                   0                          -0 
   260 cap[16,2]                   0                          -0 
   261 cap[16,3]                   0                          -0 
   262 cap[16,4]                   0                          -0 
   263 cap[16,5]                   0                          -0 
   264 cap[16,6]                   0                          -0 
   265 cap[16,7]                   0                          -0 
   266 cap[16,8]                   0                          -0 
   267 cap[16,9]                   0                          -0 
   268 cap[16,10]                 -5                          -0 
   269 cap[16,11]                  0                          -0 
   270 cap[16,12]                  0                          -0 
   271 cap[16,13]                  0                          -0 
   272 cap[16,14]                  0                          -0 
   273 cap[16,15]                  0                          -0 
   274 node[1]                   -15           -15             = 
   275 node[2]                     1             1             = 
   276 node[3]                     1             1             = 
   277 node[4]                     1             1             = 
   278 node[5]                     1             1             = 
   279 node[6]                     1             1             = 
   280 node[7]                     1             1             = 
   281 node[8]                     1             1             = 
   282 node[9]                     1             1             = 
   283 node[10]                    1             1             = 
   284 node[11]                    1             1             = 
   285 node[12]                    1             1             = 
   286 node[13]                    1             1             = 
   287 node[14]                    1             1             = 
   288 node[15]                    1             1             = 
   289 node[16]                    1             1             = 

   No. Column name       Activity     Lower bound   Upper bound
------ ------------    ------------- ------------- -------------
     1 x[1,2]       *              0             0             1 
     2 x[1,3]       *              0             0             1 
     3 x[1,4]       *              0             0             1 
     4 x[1,5]       *              0             0             1 
     5 x[1,6]       *              0             0             1 
     6 x[1,7]       *              0             0             1 
     7 x[1,8]       *              1             0             1 
     8 x[1,9]       *              0             0             1 
     9 x[1,10]      *              0             0             1 
    10 x[1,11]      *              0             0             1 
    11 x[1,12]      *              0             0             1 
    12 x[1,13]      *              0             0             1 
    13 x[1,14]      *              0             0             1 
    14 x[1,15]      *              0             0             1 
    15 x[1,16]      *              0             0             1 
    16 x[2,1]       *              0             0             1 
    17 x[2,3]       *              1             0             1 
    18 x[2,4]       *              0             0             1 
    19 x[2,5]       *              0             0             1 
    20 x[2,6]       *              0             0             1 
    21 x[2,7]       *              0             0             1 
    22 x[2,8]       *              0             0             1 
    23 x[2,9]       *              0             0             1 
    24 x[2,10]      *              0             0             1 
    25 x[2,11]      *              0             0             1 
    26 x[2,12]      *              0             0             1 
    27 x[2,13]      *              0             0             1 
    28 x[2,14]      *              0             0             1 
    29 x[2,15]      *              0             0             1 
    30 x[2,16]      *              0             0             1 
    31 x[3,1]       *              0             0             1 
    32 x[3,2]       *              0             0             1 
    33 x[3,4]       *              0             0             1 
    34 x[3,5]       *              0             0             1 
    35 x[3,6]       *              0             0             1 
    36 x[3,7]       *              0             0             1 
    37 x[3,8]       *              0             0             1 
    38 x[3,9]       *              0             0             1 
    39 x[3,10]      *              0             0             1 
    40 x[3,11]      *              0             0             1 
    41 x[3,12]      *              0             0             1 
    42 x[3,13]      *              0             0             1 
    43 x[3,14]      *              0             0             1 
    44 x[3,15]      *              0             0             1 
    45 x[3,16]      *              1             0             1 
    46 x[4,1]       *              0             0             1 
    47 x[4,2]       *              1             0             1 
    48 x[4,3]       *              0             0             1 
    49 x[4,5]       *              0             0             1 
    50 x[4,6]       *              0             0             1 
    51 x[4,7]       *              0             0             1 
    52 x[4,8]       *              0             0             1 
    53 x[4,9]       *              0             0             1 
    54 x[4,10]      *              0             0             1 
    55 x[4,11]      *              0             0             1 
    56 x[4,12]      *              0             0             1 
    57 x[4,13]      *              0             0             1 
    58 x[4,14]      *              0             0             1 
    59 x[4,15]      *              0             0             1 
    60 x[4,16]      *              0             0             1 
    61 x[5,1]       *              0             0             1 
    62 x[5,2]       *              0             0             1 
    63 x[5,3]       *              0             0             1 
    64 x[5,4]       *              0             0             1 
    65 x[5,6]       *              0             0             1 
    66 x[5,7]       *              0             0             1 
    67 x[5,8]       *              0             0             1 
    68 x[5,9]       *              0             0             1 
    69 x[5,10]      *              0             0             1 
    70 x[5,11]      *              0             0             1 
    71 x[5,12]      *              0             0             1 
    72 x[5,13]      *              0             0             1 
    73 x[5,14]      *              0             0             1 
    74 x[5,15]      *              1             0             1 
    75 x[5,16]      *              0             0             1 
    76 x[6,1]       *              0             0             1 
    77 x[6,2]       *              0             0             1 
    78 x[6,3]       *              0             0             1 
    79 x[6,4]       *              0             0             1 
    80 x[6,5]       *              0             0             1 
    81 x[6,7]       *              1             0             1 
    82 x[6,8]       *              0             0             1 
    83 x[6,9]       *              0             0             1 
    84 x[6,10]      *              0             0             1 
    85 x[6,11]      *              0             0             1 
    86 x[6,12]      *              0             0             1 
    87 x[6,13]      *              0             0             1 
    88 x[6,14]      *              0             0             1 
    89 x[6,15]      *              0             0             1 
    90 x[6,16]      *              0             0             1 
    91 x[7,1]       *              0             0             1 
    92 x[7,2]       *              0             0             1 
    93 x[7,3]       *              0             0             1 
    94 x[7,4]       *              0             0             1 
    95 x[7,5]       *              0             0             1 
    96 x[7,6]       *              0             0             1 
    97 x[7,8]       *              0             0             1 
    98 x[7,9]       *              0             0             1 
    99 x[7,10]      *              0             0             1 
   100 x[7,11]      *              0             0             1 
   101 x[7,12]      *              1             0             1 
   102 x[7,13]      *              0             0             1 
   103 x[7,14]      *              0             0             1 
   104 x[7,15]      *              0             0             1 
   105 x[7,16]      *              0             0             1 
   106 x[8,1]       *              0             0             1 
   107 x[8,2]       *              0             0             1 
   108 x[8,3]       *              0             0             1 
   109 x[8,4]       *              1             0             1 
   110 x[8,5]       *              0             0             1 
   111 x[8,6]       *              0             0             1 
   112 x[8,7]       *              0             0             1 
   113 x[8,9]       *              0             0             1 
   114 x[8,10]      *              0             0             1 
   115 x[8,11]      *              0             0             1 
   116 x[8,12]      *              0             0             1 
   117 x[8,13]      *              0             0             1 
   118 x[8,14]      *              0             0             1 
   119 x[8,15]      *              0             0             1 
   120 x[8,16]      *              0             0             1 
   121 x[9,1]       *              0             0             1 
   122 x[9,2]       *              0             0             1 
   123 x[9,3]       *              0             0             1 
   124 x[9,4]       *              0             0             1 
   125 x[9,5]       *              0             0             1 
   126 x[9,6]       *              0             0             1 
   127 x[9,7]       *              0             0             1 
   128 x[9,8]       *              0             0             1 
   129 x[9,10]      *              0             0             1 
   130 x[9,11]      *              1             0             1 
   131 x[9,12]      *              0             0             1 
   132 x[9,13]      *              0             0             1 
   133 x[9,14]      *              0             0             1 
   134 x[9,15]      *              0             0             1 
   135 x[9,16]      *              0             0             1 
   136 x[10,1]      *              0             0             1 
   137 x[10,2]      *              0             0             1 
   138 x[10,3]      *              0             0             1 
   139 x[10,4]      *              0             0             1 
   140 x[10,5]      *              0             0             1 
   141 x[10,6]      *              0             0             1 
   142 x[10,7]      *              0             0             1 
   143 x[10,8]      *              0             0             1 
   144 x[10,9]      *              1             0             1 
   145 x[10,11]     *              0             0             1 
   146 x[10,12]     *              0             0             1 
   147 x[10,13]     *              0             0             1 
   148 x[10,14]     *              0             0             1 
   149 x[10,15]     *              0             0             1 
   150 x[10,16]     *              0             0             1 
   151 x[11,1]      *              0             0             1 
   152 x[11,2]      *              0             0             1 
   153 x[11,3]      *              0             0             1 
   154 x[11,4]      *              0             0             1 
   155 x[11,5]      *              1             0             1 
   156 x[11,6]      *              0             0             1 
   157 x[11,7]      *              0             0             1 
   158 x[11,8]      *              0             0             1 
   159 x[11,9]      *              0             0             1 
   160 x[11,10]     *              0             0             1 
   161 x[11,12]     *              0             0             1 
   162 x[11,13]     *              0             0             1 
   163 x[11,14]     *              0             0             1 
   164 x[11,15]     *              0             0             1 
   165 x[11,16]     *              0             0             1 
   166 x[12,1]      *              0             0             1 
   167 x[12,2]      *              0             0             1 
   168 x[12,3]      *              0             0             1 
   169 x[12,4]      *              0             0             1 
   170 x[12,5]      *              0             0             1 
   171 x[12,6]      *              0             0             1 
   172 x[12,7]      *              0             0             1 
   173 x[12,8]      *              0             0             1 
   174 x[12,9]      *              0             0             1 
   175 x[12,10]     *              0             0             1 
   176 x[12,11]     *              0             0             1 
   177 x[12,13]     *              1             0             1 
   178 x[12,14]     *              0             0             1 
   179 x[12,15]     *              0             0             1 
   180 x[12,16]     *              0             0             1 
   181 x[13,1]      *              0             0             1 
   182 x[13,2]      *              0             0             1 
   183 x[13,3]      *              0             0             1 
   184 x[13,4]      *              0             0             1 
   185 x[13,5]      *              0             0             1 
   186 x[13,6]      *              0             0             1 
   187 x[13,7]      *              0             0             1 
   188 x[13,8]      *              0             0             1 
   189 x[13,9]      *              0             0             1 
   190 x[13,10]     *              0             0             1 
   191 x[13,11]     *              0             0             1 
   192 x[13,12]     *              0             0             1 
   193 x[13,14]     *              1             0             1 
   194 x[13,15]     *              0             0             1 
   195 x[13,16]     *              0             0             1 
   196 x[14,1]      *              1             0             1 
   197 x[14,2]      *              0             0             1 
   198 x[14,3]      *              0             0             1 
   199 x[14,4]      *              0             0             1 
   200 x[14,5]      *              0             0             1 
   201 x[14,6]      *              0             0             1 
   202 x[14,7]      *              0             0             1 
   203 x[14,8]      *              0             0             1 
   204 x[14,9]      *              0             0             1 
   205 x[14,10]     *              0             0             1 
   206 x[14,11]     *              0             0             1 
   207 x[14,12]     *              0             0             1 
   208 x[14,13]     *              0             0             1 
   209 x[14,15]     *              0             0             1 
   210 x[14,16]     *              0             0             1 
   211 x[15,1]      *              0             0             1 
   212 x[15,2]      *              0             0             1 
   213 x[15,3]      *              0             0             1 
   214 x[15,4]      *              0             0             1 
   215 x[15,5]      *              0             0             1 
   216 x[15,6]      *              1             0             1 
   217 x[15,7]      *              0             0             1 
   218 x[15,8]      *              0             0             1 
   219 x[15,9]      *              0             0             1 
   220 x[15,10]     *              0             0             1 
   221 x[15,11]     *              0             0             1 
   222 x[15,12]     *              0             0             1 
   223 x[15,13]     *              0             0             1 
   224 x[15,14]     *              0             0             1 
   225 x[15,16]     *              0             0             1 
   226 x[16,1]      *              0             0             1 
   227 x[16,2]      *              0             0             1 
   228 x[16,3]      *              0             0             1 
   229 x[16,4]      *              0             0             1 
   230 x[16,5]      *              0             0             1 
   231 x[16,6]      *              0             0             1 
   232 x[16,7]      *              0             0             1 
   233 x[16,8]      *              0             0             1 
   234 x[16,9]      *              0             0             1 
   235 x[16,10]     *              1             0             1 
   236 x[16,11]     *              0             0             1 
   237 x[16,12]     *              0             0             1 
   238 x[16,13]     *              0             0             1 
   239 x[16,14]     *              0             0             1 
   240 x[16,15]     *              0             0             1 
   241 y[1,2]                      0             0               
   242 y[1,3]                      0             0               
   243 y[1,4]                      0             0               
   244 y[1,5]                      0             0               
   245 y[1,6]                      0             0               
   246 y[1,7]                      0             0               
   247 y[1,8]                     15             0               
   248 y[1,9]                      0             0               
   249 y[1,10]                     0             0               
   250 y[1,11]                     0             0               
   251 y[1,12]                     0             0               
   252 y[1,13]                     0             0               
   253 y[1,14]                     0             0               
   254 y[1,15]                     0             0               
   255 y[1,16]                     0             0               
   256 y[2,1]                      0             0               
   257 y[2,3]                     12             0               
   258 y[2,4]                      0             0               
   259 y[2,5]                      0             0               
   260 y[2,6]                      0             0               
   261 y[2,7]                      0             0               
   262 y[2,8]                      0             0               
   263 y[2,9]                      0             0               
   264 y[2,10]                     0             0               
   265 y[2,11]                     0             0               
   266 y[2,12]                     0             0               
   267 y[2,13]                     0             0               
   268 y[2,14]                     0             0               
   269 y[2,15]                     0             0               
   270 y[2,16]                     0             0               
   271 y[3,1]                      0             0               
   272 y[3,2]                      0             0               
   273 y[3,4]                      0             0               
   274 y[3,5]                      0             0               
   275 y[3,6]                      0             0               
   276 y[3,7]                      0             0               
   277 y[3,8]                      0             0               
   278 y[3,9]                      0             0               
   279 y[3,10]                     0             0               
   280 y[3,11]                     0             0               
   281 y[3,12]                     0             0               
   282 y[3,13]                     0             0               
   283 y[3,14]                     0             0               
   284 y[3,15]                     0             0               
   285 y[3,16]                    11             0               
   286 y[4,1]                      0             0               
   287 y[4,2]                     13             0               
   288 y[4,3]                      0             0               
   289 y[4,5]                      0             0               
   290 y[4,6]                      0             0               
   291 y[4,7]                      0             0               
   292 y[4,8]                      0             0               
   293 y[4,9]                      0             0               
   294 y[4,10]                     0             0               
   295 y[4,11]                     0             0               
   296 y[4,12]                     0             0               
   297 y[4,13]                     0             0               
   298 y[4,14]                     0             0               
   299 y[4,15]                     0             0               
   300 y[4,16]                     0             0               
   301 y[5,1]                      0             0               
   302 y[5,2]                      0             0               
   303 y[5,3]                      0             0               
   304 y[5,4]                      0             0               
   305 y[5,6]                      0             0               
   306 y[5,7]                      0             0               
   307 y[5,8]                      0             0               
   308 y[5,9]                      0             0               
   309 y[5,10]                     0             0               
   310 y[5,11]                     0             0               
   311 y[5,12]                     0             0               
   312 y[5,13]                     0             0               
   313 y[5,14]                     0             0               
   314 y[5,15]                     6             0               
   315 y[5,16]                     0             0               
   316 y[6,1]                      0             0               
   317 y[6,2]                      0             0               
   318 y[6,3]                      0             0               
   319 y[6,4]                      0             0               
   320 y[6,5]                      0             0               
   321 y[6,7]                      4             0               
   322 y[6,8]                      0             0               
   323 y[6,9]                      0             0               
   324 y[6,10]                     0             0               
   325 y[6,11]                     0             0               
   326 y[6,12]                     0             0               
   327 y[6,13]                     0             0               
   328 y[6,14]                     0             0               
   329 y[6,15]                     0             0               
   330 y[6,16]                     0             0               
   331 y[7,1]                      0             0               
   332 y[7,2]                      0             0               
   333 y[7,3]                      0             0               
   334 y[7,4]                      0             0               
   335 y[7,5]                      0             0               
   336 y[7,6]                      0             0               
   337 y[7,8]                      0             0               
   338 y[7,9]                      0             0               
   339 y[7,10]                     0             0               
   340 y[7,11]                     0             0               
   341 y[7,12]                     3             0               
   342 y[7,13]                     0             0               
   343 y[7,14]                     0             0               
   344 y[7,15]                     0             0               
   345 y[7,16]                     0             0               
   346 y[8,1]                      0             0               
   347 y[8,2]                      0             0               
   348 y[8,3]                      0             0               
   349 y[8,4]                     14             0               
   350 y[8,5]                      0             0               
   351 y[8,6]                      0             0               
   352 y[8,7]                      0             0               
   353 y[8,9]                      0             0               
   354 y[8,10]                     0             0               
   355 y[8,11]                     0             0               
   356 y[8,12]                     0             0               
   357 y[8,13]                     0             0               
   358 y[8,14]                     0             0               
   359 y[8,15]                     0             0               
   360 y[8,16]                     0             0               
   361 y[9,1]                      0             0               
   362 y[9,2]                      0             0               
   363 y[9,3]                      0             0               
   364 y[9,4]                      0             0               
   365 y[9,5]                      0             0               
   366 y[9,6]                      0             0               
   367 y[9,7]                      0             0               
   368 y[9,8]                      0             0               
   369 y[9,10]                     0             0               
   370 y[9,11]                     8             0               
   371 y[9,12]                     0             0               
   372 y[9,13]                     0             0               
   373 y[9,14]                     0             0               
   374 y[9,15]                     0             0               
   375 y[9,16]                     0             0               
   376 y[10,1]                     0             0               
   377 y[10,2]                     0             0               
   378 y[10,3]                     0             0               
   379 y[10,4]                     0             0               
   380 y[10,5]                     0             0               
   381 y[10,6]                     0             0               
   382 y[10,7]                     0             0               
   383 y[10,8]                     0             0               
   384 y[10,9]                     9             0               
   385 y[10,11]                    0             0               
   386 y[10,12]                    0             0               
   387 y[10,13]                    0             0               
   388 y[10,14]                    0             0               
   389 y[10,15]                    0             0               
   390 y[10,16]                    0             0               
   391 y[11,1]                     0             0               
   392 y[11,2]                     0             0               
   393 y[11,3]                     0             0               
   394 y[11,4]                     0             0               
   395 y[11,5]                     7             0               
   396 y[11,6]                     0             0               
   397 y[11,7]                     0             0               
   398 y[11,8]                     0             0               
   399 y[11,9]                     0             0               
   400 y[11,10]                    0             0               
   401 y[11,12]                    0             0               
   402 y[11,13]                    0             0               
   403 y[11,14]                    0             0               
   404 y[11,15]                    0             0               
   405 y[11,16]                    0             0               
   406 y[12,1]                     0             0               
   407 y[12,2]                     0             0               
   408 y[12,3]                     0             0               
   409 y[12,4]                     0             0               
   410 y[12,5]                     0             0               
   411 y[12,6]                     0             0               
   412 y[12,7]                     0             0               
   413 y[12,8]                     0             0               
   414 y[12,9]                     0             0               
   415 y[12,10]                    0             0               
   416 y[12,11]                    0             0               
   417 y[12,13]                    2             0               
   418 y[12,14]                    0             0               
   419 y[12,15]                    0             0               
   420 y[12,16]                    0             0               
   421 y[13,1]                     0             0               
   422 y[13,2]                     0             0               
   423 y[13,3]                     0             0               
   424 y[13,4]                     0             0               
   425 y[13,5]                     0             0               
   426 y[13,6]                     0             0               
   427 y[13,7]                     0             0               
   428 y[13,8]                     0             0               
   429 y[13,9]                     0             0               
   430 y[13,10]                    0             0               
   431 y[13,11]                    0             0               
   432 y[13,12]                    0             0               
   433 y[13,14]                    1             0               
   434 y[13,15]                    0             0               
   435 y[13,16]                    0             0               
   436 y[14,1]                     0             0               
   437 y[14,2]                     0             0               
   438 y[14,3]                     0             0               
   439 y[14,4]                     0             0               
   440 y[14,5]                     0             0               
   441 y[14,6]                     0             0               
   442 y[14,7]                     0             0               
   443 y[14,8]                     0             0               
   444 y[14,9]                     0             0               
   445 y[14,10]                    0             0               
   446 y[14,11]                    0             0               
   447 y[14,12]                    0             0               
   448 y[14,13]                    0             0               
   449 y[14,15]                    0             0               
   450 y[14,16]                    0             0               
   451 y[15,1]                     0             0               
   452 y[15,2]                     0             0               
   453 y[15,3]                     0             0               
   454 y[15,4]                     0             0               
   455 y[15,5]                     0             0               
   456 y[15,6]                     5             0               
   457 y[15,7]                     0             0               
   458 y[15,8]                     0             0               
   459 y[15,9]                     0             0               
   460 y[15,10]                    0             0               
   461 y[15,11]                    0             0               
   462 y[15,12]                    0             0               
   463 y[15,13]                    0             0               
   464 y[15,14]                    0             0               
   465 y[15,16]                    0             0               
   466 y[16,1]                     0             0               
   467 y[16,2]                     0             0               
   468 y[16,3]                     0             0               
   469 y[16,4]                     0             0               
   470 y[16,5]                     0             0               
   471 y[16,6]                     0             0               
   472 y[16,7]                     0             0               
   473 y[16,8]                     0             0               
   474 y[16,9]                     0             0               
   475 y[16,10]                   10             0               
   476 y[16,11]                    0             0               
   477 y[16,12]                    0             0               
   478 y[16,13]                    0             0               
   479 y[16,14]                    0             0               
   480 y[16,15]                    0             0               

Integer feasibility conditions:

KKT.PE: max.abs.err = 0.00e+00 on row 0
        max.rel.err = 0.00e+00 on row 0
        High quality

KKT.PB: max.abs.err = 3.94e-31 on row 211
        max.rel.err = 3.94e-31 on row 211
        High quality

End of output
